job|# spots|# tracks|# sisters|sister length|sister points|plane fits|std dev|mean disp|# long|# full|time(min)
---------------------------------------------------------------------------------------------------------------
  1    89.9       98        45         127.8          5749      100.0   0.085     0.076     44     35         6 
  2    88.9      103        44         134.5          5920      100.0   0.093     0.078     42     26         6 
  3    89.4       93        36         111.1          4001      100.0   0.072     0.062     35     26         5 
  4    88.0      116        45         144.9          6521       84.0   0.063     0.050     43     31         7 
  5    92.5      305        82         188.1         15426        0.0   0.089     0.062     38     14        15 
  6    88.8      124        47         271.4         12756      100.0   0.085     0.069     40     22        15 
  7    88.7      223        46         341.2         15694      100.0   0.090     0.073     36     10        21 
  8    92.6     1577       110         129.9         14287       98.8   0.173     0.119      3      0        24 
  9    88.7      110        45         225.9         10164      100.0   0.076     0.063     44     27        11 
 10    88.7      126        45         252.2         11349      100.0   0.086     0.072     41     17        14 
 11    85.1      125        13         173.8          2260      100.0   0.098     0.079      9      3        10 
 12    89.0      109        46         214.0          9846      100.0   0.081     0.067     42     15        11 
 13    87.7      153        51         257.6         13136      100.0   0.089     0.073     41     13        15 
 14    85.6      157        53         312.6         16569      100.0   0.084     0.068     38     12        20 
 15    89.2      121        50         360.3         18014      100.0   0.086     0.070     44     16        20 
 16    88.6      105        45         239.5         10778      100.0   0.090     0.075     43     22        10 
 17    88.3      127        48         267.4         12835      100.0   0.078     0.064     41     16        15 
 18    89.1      334        49         242.1         11862      100.0   0.091     0.071     36      0        12 
 19    89.6      104        48         382.8         18373      100.0   0.095     0.077     44     25        19 
 20    89.7      134        47         297.7         13994      100.0   0.085     0.069     41     24        16 
 21    88.5      218        16         233.6          3738      100.0   0.079     0.061     10      0        16 
 22    89.0      107        41         298.4         12233      100.0   0.079     0.063     41     25        13 
 23    89.5      100        45         344.0         15479      100.0   0.069     0.058     44     28        19 
 24    89.5      235        53         342.0         18124      100.0   0.075     0.060     39      9        22 
 25    88.2      130        46         282.5         12994      100.0   0.078     0.065     43     14        13 
 26    91.4      338        34         292.0          9927       97.0   0.074     0.058     17      2        21 
 27    88.4      127        46         242.2         11140      100.0   0.074     0.063     39     21        11 
 28    88.9      115        43         262.3         11281      100.0   0.077     0.064     39     22        12 
 29    86.4      370        33         157.2          5188      100.0   0.111     0.077      3      1        17 
 30    89.0      118        46         285.8         13148      100.0   0.077     0.063     44     15        14 
 31    87.2      157        48         269.2         12923      100.0   0.080     0.066     43     12        13 
 32    88.3      185        46         248.6         11436      100.0   0.079     0.065     39      8        14 
 33    88.1      176        48         349.5         16776      100.0   0.078     0.064     44     14        20 
 34    88.5      208        67         264.3         17711      100.0   0.085     0.069     36      9        20 
 35    85.7      437        51         267.6         13650       47.0   0.077     0.063     31      1        14 
 36    86.6      294        87         214.3         18647      100.0   0.081     0.065     26      8        21 
sum  3191.6   7659.0    1745.0        9028.5      433929.0     3426.8     3.1       2.5 1283.0  543.0     532.0 
avg    88.7    212.8      48.5         250.8       12053.6       95.2     0.1       0.1   35.6   15.1      14.8 
